push:
  GOOS=linux GOARCH=amd64 go build -o cesystem
  scp -P 2222 cesystem rhickmercado@34.142.152.56:/home/rhickmercado	
.PHONY: push


[238 203 66 66 153 110 45 20 13 244 158 69 251 101 188 215] 
[238 203 66 66 153 110 45 20 13 244 158 69 251 101 188 215]

[113 24 36 133 159 53 231 188 38 145 18 36 125 65 5 112]

eecb4242996e2d140df49e45fb65bcd7
eecb4242996e2d140df49e45fb65bcd7
6565636234323432393936653264313430646634396534356662363562636437
6565636234323432393936653264313430646634396534356662363562636437
